0 0.11015625 0.2296875 0.1546875 0.171875
0 0.2265625 0.26328125 0.1046875 0.178125
0 0.32265625 0.296875 0.146875 0.1671875
0 0.471875 0.31796875 0.18125 0.1953125
0 0.83046875 0.2484375 0.1328125 0.14375
0 0.68046875 0.32265625 0.1390625 0.125
0 0.76640625 0.17890625 0.1125 0.134375
1 0.1453125 0.63671875 0.2140625 0.5359375
1 0.3671875 0.7109375 0.21875 0.578125
1 0.51015625 0.75625 0.2734375 0.4875
1 0.83203125 0.69921875 0.19375 0.5921875
1 0.68828125 0.59609375 0.1453125 0.334375
2 0.13203125 0.57109375 0.2234375 0.8578125
2 0.33671875 0.60390625 0.1859375 0.7921875
2 0.528125 0.60546875 0.2875 0.7890625
2 0.840625 0.56640625 0.2203125 0.8578125
2 0.68046875 0.63046875 0.1625 0.7109375
2 0.9375 0.6125 0.125 0.759375