0 0.0765625 0.325 0.153125 0.2
0 0.1796875 0.33046875 0.140625 0.1953125
0 0.28125 0.3421875 0.1796875 0.1953125
0 0.43203125 0.32890625 0.21875 0.2296875
0 0.765625 0.18046875 0.1609375 0.16875
0 0.6359375 0.28671875 0.1625 0.153125
0 0.68671875 0.12734375 0.1390625 0.1546875
1 0.18515625 0.7125 0.3265625 0.5671875
1 0.41796875 0.715625 0.3421875 0.56875
1 0.56640625 0.74140625 0.3734375 0.5171875
1 0.853125 0.61953125 0.29375 0.6171875
1 0.70546875 0.5515625 0.215625 0.3546875
2 0.18203125 0.60546875 0.3640625 0.7890625
2 0.36484375 0.6171875 0.3578125 0.765625
2 0.5515625 0.590625 0.45625 0.81875
2 0.821875 0.48828125 0.35625 0.8796875
2 0.70546875 0.58671875 0.315625 0.7234375
2 0.90390625 0.51015625 0.1921875 0.7640625