0 0.11484375 0.22331249999999997 0.1515625 0.1685
0 0.23046875 0.25846874999999997 0.1015625 0.176328125
0 0.326171875 0.293828125 0.14453125 0.16499999999999998
0 0.475390625 0.31746875 0.17734375 0.19275
0 0.834765625 0.254375 0.13046875 0.140765625
0 0.68340625 0.325671875 0.136328125 0.123203125
0 0.7716875 0.18365625000000002 0.109765625 0.13215625
1 0.143171875 0.630234375 0.204296875 0.533125
1 0.364265625 0.709546875 0.208984375 0.5745625000000001
1 0.50528125 0.758015625 0.264453125 0.483984375
1 0.828328125 0.70528125 0.183984375 0.589453125
1 0.68671875 0.59975 0.1390625 0.33153125
2 0.131640625 0.5685625 0.20859375 0.862890625
2 0.3359375 0.60371875 0.171875 0.792578125
2 0.52734375 0.606640625 0.2734375 0.78671875
2 0.839265625 0.57246875 0.205859375 0.855078125
2 0.6783125 0.6335625 0.149609375 0.7077656250000001
2 0.9404375 0.621265625 0.119140625 0.757375