0 0.5 0.20703125 0.0671875 0.06875
0 0.028125 0.63671875 0.0421875 0.0671875
0 0.17734375 0.59140625 0.053125 0.0546875
0 0.3859375 0.65703125 0.03125 0.05625
0 0.41640625 0.6625 0.028125 0.0515625
0 0.34921875 0.6515625 0.0203125 0.0375
0 0.4453125 0.77890625 0.0546875 0.0734375
0 0.546875 0.76875 0.0453125 0.08125
0 0.89609375 0.50390625 0.0484375 0.0765625
2 0.05859375 0.79375 0.1046875 0.4125
2 0.19609375 0.78046875 0.140625 0.4390625
2 0.40546875 0.7546875 0.096875 0.2546875
2 0.44765625 0.86640625 0.1109375 0.2671875
2 0.53046875 0.86328125 0.0984375 0.2734375
2 0.8171875 0.69375 0.165625 0.565625
2 0.90546875 0.71015625 0.1625 0.5203125
2 0.8453125 0.25234375 0.16875 0.5046875
2 0.50078125 0.39609375 0.2046875 0.484375
1 0.18828125 0.72109375 0.096875 0.1796875
1 0.45390625 0.91640625 0.0984375 0.1671875
1 0.528125 0.87109375 0.0984375 0.2109375
1 0.40546875 0.75625 0.08125 0.1578125
1 0.8125 0.0875 0.109375 0.175