0 0.540625 0.21015625 0.065625 0.0671875
0 0.01640625 0.56953125 0.0328125 0.0671875
0 0.16796875 0.54609375 0.0515625 0.053125
0 0.36484375 0.63984375 0.0296875 0.0546875
0 0.39453125 0.64921875 0.0265625 0.0515625
0 0.3296875 0.62890625 0.01875 0.0375
0 0.40703125 0.76875 0.053125 0.071875
0 0.50859375 0.77265625 0.0421875 0.0796875
0 0.89140625 0.559375 0.046875 0.075
2 0.03203125 0.73984375 0.0640625 0.4296875
2 0.16015625 0.7359375 0.1265625 0.4359375
2 0.37109375 0.7390625 0.0890625 0.253125
2 0.39609375 0.86015625 0.1015625 0.2734375
2 0.47890625 0.8640625 0.0890625 0.271875
2 0.7859375 0.7265625 0.146875 0.546875
2 0.87265625 0.75234375 0.1453125 0.4953125
2 0.8796875 0.2859375 0.15 0.5390625
2 0.515625 0.39765625 0.1890625 0.4796875
1 0.16015625 0.675 0.090625 0.178125
1 0.3953125 0.91015625 0.09375 0.1734375
1 0.47578125 0.871875 0.0921875 0.209375
1 0.3703125 0.740625 0.075 0.15625
1 0.86796875 0.12421875 0.103125 0.19375