0 0.5251875 0.20826562499999998 0.062109375 0.0641875
0 0.01796875 0.595421875 0.0359375 0.065078125
0 0.17090624999999998 0.563203125 0.048828125 0.051390625
0 0.37265625 0.64640625 0.0265625 0.053765625
0 0.40234375 0.6544218749999999 0.0234375 0.050249999999999996
0 0.33671875 0.6378125 0.0171875 0.036578125
0 0.42090625 0.7731874999999999 0.048828125 0.06903125
0 0.523046875 0.7718281250000001 0.03828125 0.078015625
0 0.89434375 0.538578125 0.042578125 0.072484375
2 0.03359375 0.764625 0.0671875 0.42690625000000004
2 0.173046875 0.75309375 0.10390625 0.43118749999999995
2 0.383796875 0.745859375 0.076171875 0.24874999999999997
2 0.415234375 0.86540625 0.08828125 0.26909375
2 0.4984375 0.8654375 0.075 0.269140625
2 0.79903125 0.72090625 0.117578125 0.558203125
2 0.88575 0.74434375 0.119140625 0.511328125
2 0.868171875 0.2663125 0.123046875 0.532625
2 0.50996875 0.39660937500000004 0.164453125 0.47210937499999994
1 0.169921875 0.6927187499999999 0.08203125 0.17371875
1 0.4171875 0.915234375 0.084375 0.16953125
1 0.495515625 0.8724375 0.080859375 0.20503125
1 0.38340625 0.7468281250000001 0.067578125 0.15303125
1 0.848046875 0.10510937499999999 0.09296875 0.189015625