1 0.38671875 0.50078125 0.0796875 0.1796875
1 0.3203125 0.50234375 0.0921875 0.1890625
2 0.3890625 0.59140625 0.103125 0.4734375
2 0.31015625 0.5671875 0.109375 0.4765625
2 0.23828125 0.6921875 0.1671875 0.615625
2 0.953125 0.6078125 0.09375 0.5
2 0.79609375 0.5484375 0.0953125 0.3734375
2 0.87734375 0.5609375 0.1015625 0.3484375
2 0.76640625 0.44765625 0.0578125 0.265625
2 0.7046875 0.43203125 0.0453125 0.175
2 0.5921875 0.4359375 0.0671875 0.1921875
2 0.43671875 0.41015625 0.065625 0.2203125
2 0.82890625 0.39921875 0.028125 0.134375