1 0.613078125 0.4971875 0.073828125 0.177171875
1 0.679296875 0.4958125 0.08515625 0.18615625
2 0.6140625 0.5876406249999999 0.0875 0.471390625
2 0.691796875 0.5602343750000001 0.09296875 0.474078125
2 0.76796875 0.68965625 0.1453125 0.620703125
2 0.04453125 0.624375 0.0890625 0.49796874999999996
2 0.20546875 0.5585312499999999 0.0828125 0.3701875
2 0.125203125 0.573765625 0.090234375 0.34596875
2 0.231640625 0.45675 0.04921875 0.26428124999999997
2 0.29296875 0.439171875 0.0390625 0.174421875
2 0.40546875 0.439171875 0.0609375 0.190046875
2 0.56015625 0.408109375 0.0578125 0.21778124999999998
2 0.16796875 0.41103125 0.0234375 0.13378125000000002