1 0.6109375 0.4796875 0.1 0.1859375
1 0.6765625 0.46796875 0.1125 0.196875
2 0.6265625 0.56875 0.1609375 0.4796875
2 0.69921875 0.5296875 0.165625 0.4828125
2 0.79453125 0.6453125 0.240625 0.6359375
2 0.07578125 0.69375 0.1515625 0.50625
2 0.21796875 0.60390625 0.1390625 0.378125
2 0.14140625 0.63125 0.14375 0.35625
2 0.228125 0.49921875 0.090625 0.26875
2 0.2859375 0.47265625 0.065625 0.178125
2 0.396875 0.4546875 0.090625 0.196875
2 0.5453125 0.4 0.090625 0.2234375
2 0.1578125 0.4640625 0.04375 0.1359375