0 0.7140625 0.30859375 0.04375 0.0390625
0 0.5640625 0.3328125 0.05 0.03125
0 0.45078125 0.35234375 0.0390625 0.0359375
0 0.3703125 0.38046875 0.04375 0.0328125
0 0.24375 0.36171875 0.046875 0.0421875
0 0.18046875 0.37109375 0.0453125 0.034375
1 0.71875 0.40390625 0.08125 0.1359375
1 0.55859375 0.42421875 0.0828125 0.1203125
1 0.4421875 0.43671875 0.06875 0.1140625
1 0.3671875 0.459375 0.078125 0.121875
1 0.246875 0.43671875 0.084375 0.11875
1 0.171875 0.44609375 0.065625 0.10625
2 0.73125 0.446875 0.128125 0.3421875
2 0.575 0.45546875 0.146875 0.2765625
2 0.44765625 0.4734375 0.0921875 0.28125
2 0.35703125 0.490625 0.0984375 0.253125
2 0.2453125 0.46953125 0.090625 0.2578125
2 0.1734375 0.4765625 0.071875 0.253125
2 0.10625 0.50234375 0.08125 0.171875