0 0.28575 0.30867187500000004 0.044140625 0.038421875
0 0.435546875 0.3325 0.05078125 0.031406250000000004
0 0.54903125 0.352234375 0.039453125 0.035703125
0 0.6295 0.38015625000000003 0.044140625 0.032984374999999996
0 0.7560625 0.36140625000000004 0.047265625 0.04234375
0 0.81953125 0.371375 0.0453125 0.034921875000000005
1 0.28104687500000003 0.404 0.081640625 0.13534375
1 0.44160937499999997 0.423921875 0.082421875 0.12050000000000001
1 0.5578125 0.436421875 0.06875 0.11425
1 0.6328125 0.45946875 0.078125 0.121296875
1 0.753125 0.437015625 0.084375 0.11932812500000001
1 0.8279375 0.446390625 0.066015625 0.10684374999999999
2 0.268953125 0.44718749999999996 0.127734375 0.3428125
2 0.425 0.45518749999999997 0.146875 0.27678125
2 0.55215625 0.47315625 0.092578125 0.281484375
2 0.64296875 0.49034374999999997 0.0984375 0.253359375
2 0.754484375 0.46925 0.091015625 0.25803125
2 0.82675 0.47648437499999996 0.071484375 0.252953125
2 0.893953125 0.50265625 0.080859375 0.172484375