0 0.66171875 0.2625 0.0515625 0.0484375
0 0.521875 0.321875 0.05625 0.0421875
0 0.41640625 0.36875 0.046875 0.04375
0 0.3453125 0.41484375 0.0515625 0.0421875
0 0.21796875 0.42734375 0.05625 0.053125
0 0.15859375 0.45234375 0.053125 0.0453125
1 0.6890625 0.35390625 0.1125 0.1515625
1 0.53828125 0.41171875 0.109375 0.1375
1 0.42890625 0.45234375 0.09375 0.128125
1 0.3609375 0.49296875 0.1046875 0.1359375
1 0.2390625 0.5 0.1109375 0.1359375
1 0.16875 0.52734375 0.090625 0.1203125
2 0.71171875 0.39296875 0.20625 0.3640625
2 0.56171875 0.43828125 0.209375 0.3046875
2 0.44296875 0.48671875 0.1578125 0.2953125
2 0.35859375 0.525 0.15625 0.2703125
2 0.2453125 0.53203125 0.15 0.271875
2 0.17734375 0.55625 0.13125 0.2625
2 0.11875 0.59765625 0.1203125 0.1875