0 0.43359375 0.425 0.1234375 0.1515625
0 0.2453125 0.47578125 0.15 0.1
0 0.3796875 0.32578125 0.078125 0.103125
0 0.20859375 0.3890625 0.0734375 0.09375
0 0.2234375 0.25546875 0.0515625 0.075
0 0.14921875 0.26015625 0.05 0.0609375
0 0.20234375 0.05078125 0.05625 0.05
0 0.12578125 0.05859375 0.0578125 0.04375
1 0.66328125 0.4703125 0.3546875 0.2828125
1 0.196875 0.66640625 0.321875 0.26875
1 0.2765625 0.3125 0.1140625 0.0984375
1 0.3203125 0.39296875 0.153125 0.146875
2 0.6375 0.6515625 0.521875 0.696875
2 0.259375 0.6546875 0.4859375 0.5140625
2 0.415625 0.44453125 0.2328125 0.3328125
2 0.2984375 0.4234375 0.2203125 0.253125
2 0.2640625 0.3078125 0.1609375 0.1984375
2 0.14921875 0.2796875 0.09375 0.1328125