0 0.558203125 0.418453125 0.10859375 0.1408125
0 0.7505625 0.44964062499999996 0.141734375 0.085984375
0 0.6013437500000001 0.31415625 0.06875 0.09617187499999999
0 0.778125 0.35924999999999996 0.065171875 0.088140625
0 0.749546875 0.228203125 0.04375 0.071578125
0 0.823890625 0.22507812500000002 0.04509375 0.056406250000000005
0 0.749109375 0.022140625 0.05178125 0.04428125
0 0.82634375 0.021687500000000002 0.054468749999999996 0.03803125
1 0.334828125 0.4871875 0.330359375 0.25025
1 0.81875 0.633625 0.29821875000000003 0.23957812500000003
1 0.702453125 0.2898125 0.10579687499999998 0.087671875
1 0.667859375 0.37465625 0.13928125 0.13234375
2 0.37946875 0.6698593749999999 0.455359375 0.660265625
2 0.755359375 0.628734375 0.43928124999999996 0.47087500000000004
2 0.578125 0.43606249999999996 0.200890625 0.31320312499999997
2 0.69240625 0.40279687500000005 0.19732812500000002 0.23326562499999998
2 0.71428125 0.28446875 0.142859375 0.184109375
2 0.8258906250000001 0.2440625 0.080359375 0.125609375