0 0.4421875 0.41875 0.109375 0.140625
0 0.24921875 0.45 0.1421875 0.0859375
0 0.3984375 0.3140625 0.06875 0.096875
0 0.221875 0.359375 0.065625 0.0875
0 0.25078125 0.228125 0.04375 0.071875
0 0.17578125 0.225 0.0453125 0.05625
0 0.25078125 0.021875 0.0515625 0.04375
0 0.1734375 0.021875 0.0546875 0.0375
1 0.66484375 0.4875 0.3296875 0.25
1 0.18125 0.63359375 0.2984375 0.2390625
1 0.29765625 0.28984375 0.10625 0.0875
1 0.33203125 0.375 0.1390625 0.1328125
2 0.6203125 0.66953125 0.4546875 0.6609375
2 0.24453125 0.62890625 0.4390625 0.4703125
2 0.421875 0.4359375 0.2015625 0.3125
2 0.3078125 0.403125 0.196875 0.2328125
2 0.2859375 0.284375 0.1421875 0.184375
2 0.17421875 0.24375 0.0796875 0.125