0 0.18046875 0.201625 0.1578125 0.13684375
0 0.408796875 0.29596875 0.048046875 0.0481875
0 0.63965625 0.2563125 0.064453125 0.105609375
0 0.83828125 0.33387500000000003 0.0828125 0.08492187500000001
2 0.2078125 0.562703125 0.275 0.874609375
2 0.43729687500000003 0.4458125 0.128515625 0.367421875
2 0.666796875 0.5200625 0.15390625 0.609671875
2 0.82890625 0.5579531249999999 0.1421875 0.552640625
1 0.1703125 0.53275 0.2625 0.490515625
1 0.4171875 0.388375 0.084375 0.15096875
1 0.671875 0.434875 0.125 0.26740624999999996
1 0.831453125 0.49328125 0.127734375 0.263125