0 0.79765625 0.28203125 0.053125 0.04375
0 0.68984375 0.2171875 0.065625 0.0625
0 0.5734375 0.15078125 0.0578125 0.0890625
0 0.44140625 0.17421875 0.1 0.1140625
0 0.28515625 0.19140625 0.109375 0.1546875
1 0.70625 0.365625 0.1046875 0.203125
1 0.59375 0.3140625 0.1140625 0.2234375
1 0.51015625 0.3828125 0.1484375 0.3015625
1 0.11796875 0.38203125 0.234375 0.3875
1 0.80234375 0.39296875 0.0828125 0.1484375
2 0.80625 0.42578125 0.1171875 0.359375
2 0.709375 0.4328125 0.1328125 0.496875
2 0.5890625 0.40390625 0.1328125 0.6
2 0.48671875 0.46171875 0.178125 0.7140625
2 0.17109375 0.53125 0.3421875 0.853125