0 0.21796875 0.26171875 0.05625 0.046875
0 0.33046875 0.2046875 0.06875 0.0671875
0 0.45078125 0.146875 0.0640625 0.09375
0 0.58125 0.1796875 0.10625 0.1203125
0 0.7359375 0.20703125 0.11875 0.1609375
1 0.303125 0.3515625 0.11875 0.2109375
1 0.41953125 0.3078125 0.1296875 0.2296875
1 0.49765625 0.38203125 0.16875 0.3109375
1 0.87890625 0.40859375 0.2421875 0.4015625
1 0.20625 0.371875 0.0921875 0.153125
2 0.2 0.40390625 0.1421875 0.365625
2 0.29609375 0.41796875 0.165625 0.5046875
2 0.41796875 0.39765625 0.175 0.6078125
2 0.51640625 0.4625 0.2265625 0.721875
2 0.8125 0.5546875 0.375 0.871875