0 0.1984375 0.2875625 0.053125 0.043109375
0 0.30546875 0.2205625 0.0640625 0.061453125
0 0.420515625 0.152203125 0.055859375 0.08878125
0 0.552734375 0.17350000000000002 0.09765625 0.11182812499999999
0 0.709375 0.187765625 0.10625 0.152078125
1 0.29121874999999997 0.36903125000000003 0.101953125 0.20214062500000002
1 0.402734375 0.31590625 0.11015625 0.22087500000000002
1 0.487703125 0.38271875 0.143359375 0.2998125
1 0.8796875 0.3755 0.228125 0.38303125
1 0.19609375 0.398140625 0.0796875 0.1470625
2 0.192578125 0.43078125 0.11171875 0.356875
2 0.28984375 0.43637499999999996 0.1234375 0.495203125
2 0.408984375 0.405203125 0.12265625 0.5986875
2 0.512703125 0.461375 0.166015625 0.710859375
2 0.831828125 0.526203125 0.332421875 0.8467968750000001